 159.6559203657      160.2777315326
   0.0000000000       15.1512129872
   0.0001000000        0.0841276928
 
 160.5750285924      160.8965001364
   0.7371933118       33.2115799353
   0.0645291245        0.3526456095
 
# 161.8125818812      162.1903911978
#   0.0000000000       15.4413505103
#   0.0001000000        0.0838539621
 
 162.5839425692      163.1113014069
   0.0000000000       20.2725821903
   0.0001000000        0.0812523480
 
 163.6166030346      163.9441638170
   0.9517081241       47.8551243723
   0.0233250607        0.3166252988
 
 164.1442693375      164.4728865089
  12.3288363057       36.9865089170
   0.0239781045        0.3198905175
 
 164.7339862756      165.0637840616
   0.1693964483       54.5081893449
   0.0230974930        0.3154874604
 
 165.2833348340      165.6142324169
   0.7373605996       48.2120817988
   0.0257881623        0.3289408062
 
 166.3777777899      166.7477160790
   0.0000000000       20.4149345253
   0.0001000000        0.0860255867

 167.2616562186      167.6088823830
   0.0000000000       15.4413505103
   0.0001000000        0.0838539621
 
 169.0510643370      169.3895049224
   0.4600241256       59.3800723769
   0.0591908344        0.3959541604
 
 170.6518806436      170.9935260665
   0.8730852471       68.6192557412
   0.0474066184        0.3370330825
