#
   16.002875      65.375975
   16.013445     104.707366
   16.024015     187.234537
   16.034585     172.043897
   16.045155     497.502576
   16.055725      16.404770
   16.066295     469.868525
   16.076865     254.840158
   16.087434     122.622327
   16.098004     186.886895
   16.108574      76.224207
   16.119144      73.343807
   16.129714     150.624975
   16.140284      40.574900
   16.150854      30.653101
   16.161424      76.497942
   16.171994      84.792635
   16.182564       2.952409
   16.193134      99.046877
   16.203704     214.524963
   16.214274     175.603319
   16.224844     100.188037
   16.235413     180.200353
   16.245983     112.050078
   16.256553      33.211906
   16.267123      74.920909
   16.277693      29.711334
   16.288263      24.632379
   16.298833      43.874103
   16.309403      11.372553
   16.319973      32.379709
   16.330543     249.014755
   16.341113      28.027092
   16.351683     277.727838
   16.362253      13.101495
   16.372823      95.781869
   16.383393      10.507076
   16.393962      45.927881
   16.404532      12.108158
   16.415102       7.635768
   16.425672      72.150827
   16.436242      19.066648
   16.446812     108.790989
   16.457382     313.032058
   16.467952       3.913569
   16.478522      51.745905
   16.489092      61.421547
   16.499662      77.637193
   16.510232      57.892498
   16.520802      26.463324
   16.531372      74.134252
   16.541941      57.498233
   16.552511       2.000336
   16.563081     158.261194
   16.573651     194.282518
   16.584221      77.398703
   16.594791     206.026801
   16.605361      15.016703
   16.615931     149.773951
   16.626501     150.946605
   16.637071      23.782745
   16.647641       7.568179
   16.658211       0.092765
   16.668781      21.090486
   16.679351      98.523768
   16.689921     128.024880
   16.700490      18.789014
   16.711060     188.761972
   16.721630      62.092491
   16.732200      29.329342
   16.742770      12.456750
   16.753340      94.200312
   16.763910      32.094828
   16.774480       1.902945
   16.785050      77.402373
   16.795620      19.093544
   16.806190      98.429882
   16.816760     107.628733
   16.827330       9.915001
   16.837900     379.020469
   16.848469     176.502915
   16.859039     174.424961
   16.869609      19.452471
   16.880179      20.258257
   16.890749      18.183184
   16.901319     322.677361
   16.911889      93.570105
   16.922459     129.958882
   16.933029     401.221220
   16.943599      14.961842
   16.954169      40.028690
   16.964739     456.764844
   16.975309     259.080683
   16.985879     322.275416
   16.996449     535.106390
   17.007018      27.048187
   17.017588     125.790419
   17.028158      12.195622
   17.038728     123.128145
   17.049298      76.136570
   17.059868      78.227665
   17.070438     411.135972
   17.081008      30.384560
   17.091578     163.912654
   17.102148     159.964729
   17.112718      26.277432
   17.123288     608.907452
   17.133858     162.044259
   17.144428       1.373945
   17.154997      85.049376
   17.165567     272.459455
   17.176137     482.932165
   17.186707      30.396372
   17.197277      42.678673
   17.207847     176.158835
   17.218417     241.624617
   17.228987      18.182523
   17.239557      54.225014
   17.250127     424.836657
   17.260697      29.976746
   17.271267      94.623534
   17.281837      24.316196
   17.292407     420.544894
   17.302976     217.140428
   17.313546      43.233350
   17.324116      12.814475
   17.334686      17.875103
   17.345256      14.687448
   17.355826     137.912389
   17.366396      49.474923
   17.376966     122.180410
   17.387536      18.420924
   17.398106      42.441465
   17.408676       2.780418
   17.419246     117.765879
   17.429816       3.286729
   17.440386     156.940722
   17.450956     214.098073
   17.461525      99.029888
   17.472095      80.332751
   17.482665     121.525958
   17.493235      40.799748
   17.503805     349.577252
   17.514375      62.551456
   17.524945     119.813948
   17.535515     107.996930
   17.546085       4.650221
   17.556655     118.995004
   17.567225      41.656739
   17.577795     167.870456
   17.588365       0.406108
   17.598935     255.148200
   17.609504     211.482325
   17.620074     103.774060
   17.630644     102.477343
   17.641214     274.844545
   17.651784      86.385557
   17.662354     243.292851
   17.672924     133.446061
   17.683494     135.414294
   17.694064     573.988182
   17.704634       5.804279
   17.715204     154.707681
   17.725774      14.907500
   17.736344      23.362075
   17.746914      86.419906
   17.757484     180.124729
   17.768053     241.457061
   17.778623      21.790140
   17.789193      39.444482
   17.799763      26.878099
   17.810333     153.682503
   17.820903      75.219411
   17.831473      26.710548
   17.842043      24.031101
   17.852613     159.035619
   17.863183       7.536861
   17.873753     262.691776
   17.884323     239.663316
   17.894893      39.633961
   17.905463      57.261283
   17.916032      46.811486
   17.926602      52.625310
   17.937172     287.262836
   17.947742      13.525283
   17.958312     146.922125
   17.968882      67.736149
   17.979452     169.434855
   17.990022       9.195817
   18.000592     556.456296
   18.011162      22.414112
   18.021732     471.985457
   18.032302      64.317839
   18.042872      60.664547
   18.053442     289.865834
   18.064012     179.014624
   18.074581      63.576654
   18.085151      73.387900
   18.095721       6.864807
   18.106291      16.182540
   18.116861      60.439236
   18.127431      20.170503
   18.138001     125.187118
   18.148571     141.460659
   18.159141       2.476812
   18.169711     284.484492
   18.180281     208.345940
   18.190851     125.121572
   18.201421     341.912212
   18.211991      39.183673
   18.222560     158.450754
   18.233130     165.001880
   18.243700      29.975187
   18.254270       3.206698
   18.264840     366.755736
   18.275410      82.750208
   18.285980      95.360864
   18.296550       2.556882
   18.307120      75.877867
   18.317690     327.450154
   18.328260       4.904911
   18.338830     110.174193
   18.349400      37.208955
   18.359970      94.697187
   18.370539     216.518217
   18.381109     100.670760
   18.391679     194.425252
   18.402249      13.701703
   18.412819      62.176338
   18.423389     282.807563
   18.433959       9.759604
   18.444529     129.717475
   18.455099     141.729793
   18.465669       3.492129
   18.476239      62.986672
   18.486809     297.708371
   18.497379     390.642869
   18.507949     122.952253
   18.518519     142.883164
   18.529088     149.914918
   18.539658     292.343923
   18.550228     189.837982
   18.560798      92.230067
   18.571368     155.773694
   18.581938     110.767210
   18.592508      24.059000
   18.603078      45.249831
   18.613648      28.696666
   18.624218      14.766204
   18.634788      56.544109
   18.645358       1.665152
   18.655928     174.043012
   18.666498     124.127014
   18.677067     128.023349
   18.687637      49.383657
   18.698207      74.644496
   18.708777      13.318805
   18.719347     253.506610
   18.729917     108.539890
   18.740487      44.664798
   18.751057     294.954503
   18.761627     254.114062
   18.772197      52.528078
   18.782767      47.070381
   18.793337      77.160956
   18.803907     127.019258
   18.814477     186.888200
   18.825047       6.398962
   18.835616     161.237104
   18.846186      27.185400
   18.856756     121.724134
   18.867326     181.121810
   18.877896       7.853850
   18.888466     357.978586
   18.899036       1.939773
   18.909606     106.343870
   18.920176      43.830822
   18.930746     117.788996
   18.941316      81.925371
   18.951886     102.052182
   18.962456     608.788345
   18.973026     229.283645
   18.983595     164.231564
   18.994165     446.842963
   19.004735      51.876538
   19.015305      87.426683
   19.025875     261.498845
   19.036445     109.015230
   19.047015       0.014531
   19.057585      71.327175
   19.068155       6.500129
   19.078725     207.879846
   19.089295      41.385491
   19.099865     160.963044
   19.110435     127.918617
   19.121005      86.428421
   19.131574       0.482078
   19.142144     277.264729
   19.152714      17.236246
   19.163284     373.158154
   19.173854     148.478771
   19.184424     346.336297
   19.194994     270.113217
   19.205564       7.052886
   19.216134     105.602920
   19.226704       5.243191
   19.237274     177.638489
   19.247844     207.457987
   19.258414     264.937471
   19.268984       4.095035
   19.279554     417.492788
   19.290123      86.505150
   19.300693      42.003661
   19.311263      47.423998
   19.321833     121.965375
   19.332403     336.290271
   19.342973     142.400527
   19.353543      10.463881
   19.364113     453.854339
   19.374683     352.301648
   19.385253     468.966153
   19.395823     101.594382
   19.406393      25.693766
   19.416963     117.026016
   19.427533     216.149876
   19.438102       9.306155
   19.448672      24.261982
   19.459242     329.574029
   19.469812     155.224424
   19.480382      96.639743
   19.490952     825.223788
   19.501522       6.411686
   19.512092     167.331027
   19.522662     298.218562
   19.533232     313.342897
   19.543802     201.891273
   19.554372     303.675642
   19.564942     307.970094
   19.575512      44.430014
   19.586082     107.416116
   19.596651      51.783690
   19.607221      75.546531
   19.617791     302.228298
   19.628361     300.934116
   19.638931      47.161032
   19.649501      94.222133
   19.660071     105.633576
   19.670641      30.743332
   19.681211     458.003108
   19.691781      32.258455
   19.702351      57.065383
   19.712921      14.263662
   19.723491     445.514173
   19.734061      99.367929
   19.744630       8.298669
   19.755200      91.836819
   19.765770      76.334973
   19.776340     181.759771
   19.786910      61.162916
   19.797480     152.945277
   19.808050     137.522196
   19.818620      68.995070
   19.829190      21.416380
   19.839760      57.792663
   19.850330     103.405362
   19.860900      21.370296
   19.871470      82.303833
   19.882040     364.755896
   19.892610      92.174969
   19.903179      80.209119
   19.913749     179.970483
   19.924319     194.902998
   19.934889      37.104763
   19.945459     126.689497
   19.956029      92.913340
   19.966599     444.398494
   19.977169     428.536462
   19.987739     261.740525
   19.998309      28.048224
   20.008879      85.774280
   20.019449     846.468154
   20.030019     282.750669
   20.040589       7.194529
   20.051158      72.410183
   20.061728      27.217479
   20.072298     217.097653
   20.082868     296.308415
   20.093438      51.933335
   20.104008     291.070745
   20.114578      92.256206
   20.125148       9.234798
   20.135718      76.669124
   20.146288     216.851110
   20.156858     188.529596
   20.167428     388.054337
   20.177998     310.519049
   20.188568       2.271757
   20.199137     321.626360
   20.209707     127.145028
   20.220277      77.328270
   20.230847      43.392825
   20.241417      71.891021
   20.251987      71.067153
   20.262557     121.283359
   20.273127     169.040154
   20.283697     477.658837
   20.294267       9.619717
   20.304837     223.860018
   20.315407     161.663990
   20.325977     643.446152
   20.336547      89.877141
   20.347117     206.838895
   20.357686     207.136082
   20.368256     445.712899
   20.378826      37.566416
   20.389396    1048.502346
   20.399966      19.381405
   20.410536      46.940988
   20.421106     983.610909
   20.431676     586.265964
   20.442246      95.017564
   20.452816     230.891447
   20.463386      75.826768
   20.473956     463.238147
   20.484526      43.500136
   20.495096     276.829832
   20.505665     925.276865
   20.516235     327.104131
   20.526805     570.580532
   20.537375    2109.125505
   20.547945      40.754690
   20.558515     516.615073
   20.569085      69.514245
   20.579655    1219.556719
   20.590225    2601.137143
   20.600795    1036.141641
   20.611365       6.106235
   20.621935    1003.119105
   20.632505     891.710964
   20.643075    1606.360152
   20.653645    1015.335072
   20.664214    2884.818875
   20.674784    1468.412904
   20.685354     708.615575
   20.695924    1218.225985
   20.706494    4350.971913
   20.717064    2485.833023
   20.727634    3857.548031
   20.738204    4917.392616
   20.748774    2978.571442
   20.759344    1111.048234
   20.769914    5286.722621
   20.780484    1442.828624
   20.791054    2571.297816
   20.801624     303.625316
   20.812193    4808.208441
   20.822763    3160.310454
   20.833333     543.930581
   20.843903    1296.842839
   20.854473     391.224980
   20.865043    3670.619289
   20.875613     373.307361
   20.886183     698.981974
   20.896753     881.363660
   20.907323    4517.765489
   20.917893    1540.443210
   20.928463     739.941986
   20.939033      19.116268
   20.949603     888.021007
   20.960173     841.030012
   20.970742     238.068301
   20.981312      19.503407
   20.991882     106.289989
   21.002452      38.600231
   21.013022     699.045012
   21.023592     326.515301
   21.034162     164.515006
   21.044732      14.578268
   21.055302     103.476967
   21.065872     554.760284
   21.076442     304.549638
   21.087012     208.689691
   21.097582    1183.599098
   21.108152     152.488704
   21.118721      41.749490
   21.129291     278.970418
   21.139861      38.038071
   21.150431      39.839144
   21.161001      47.276557
   21.171571     119.192318
   21.182141     205.522135
   21.192711    1400.470020
   21.203281     160.285278
   21.213851     117.160321
   21.224421     241.654145
   21.234991     214.721769
   21.245561     225.777497
   21.256131     189.320869
   21.266700      74.610183
   21.277270      68.306998
   21.287840      83.955652
   21.298410     868.517047
   21.308980     265.229190
   21.319550     279.668846
   21.330120     145.780009
   21.340690     314.544309
   21.351260      15.947612
   21.361830     147.530215
   21.372400      44.386216
   21.382970      94.216946
   21.393540     525.647489
   21.404110     220.547161
   21.414680      95.244971
   21.425249     153.757116
   21.435819      81.306826
   21.446389      16.993107
   21.456959     210.892649
   21.467529      44.085139
   21.478099     122.069859
   21.488669      43.610540
   21.499239     835.472030
   21.509809      38.064956
   21.520379      24.341337
   21.530949      83.785735
   21.541519      68.154578
   21.552089     335.436834
   21.562659     467.024592
   21.573228      33.196484
   21.583798      61.846401
   21.594368     141.608505
   21.604938     201.803706
   21.615508     151.999551
   21.626078     102.534271
   21.636648     213.224615
   21.647218     310.201657
   21.657788     293.600502
   21.668358     339.075197
   21.678928     266.812445
   21.689498      24.638093
   21.700068      47.136006
   21.710638     142.410563
   21.721208      42.790737
   21.731777     147.753090
   21.742347      24.086673
   21.752917     336.914029
   21.763487      92.026935
   21.774057      62.277347
   21.784627      12.091154
   21.795197      12.234505
   21.805767     171.235058
   21.816337      85.514316
   21.826907     169.839681
   21.837477     107.424904
   21.848047     102.874057
   21.858617      95.730800
   21.869187     172.719717
   21.879756      55.624374
   21.890326      43.279459
   21.900896     113.334357
   21.911466     419.780913
   21.922036      83.396029
   21.932606     237.716069
   21.943176     223.898152
   21.953746     242.076991
   21.964316      92.427113
   21.974886      35.474773
   21.985456       3.046919
   21.996026      78.219245
   22.006596      51.320912
   22.017166      12.017062
   22.027735     328.079583
   22.038305     149.667407
   22.048875     146.226879
   22.059445       7.881359
   22.070015      60.958889
   22.080585      78.751682
   22.091155       4.628970
   22.101725      95.849311
   22.112295     701.996272
   22.122865     112.282347
   22.133435       8.034341
   22.144005       7.335291
   22.154575       5.808054
   22.165145     541.260718
   22.175715      85.371812
   22.186284     619.560260
   22.196854      40.646923
   22.207424     514.614094
   22.217994     302.446374
   22.228564     189.327809
   22.239134     285.068295
   22.249704     286.610381
   22.260274      44.073374
   22.270844      75.080758
   22.281414     161.436902
   22.291984     148.540358
   22.302554     190.887900
   22.313124     197.918027
   22.323694      20.456668
   22.334263     476.935088
   22.344833     170.234597
   22.355403     100.421491
   22.365973       5.006194
   22.376543     135.546166
   22.387113      18.935476
   22.397683      33.236273
   22.408253     119.816732
   22.418823      47.118920
   22.429393      89.143919
   22.439963     250.823594
   22.450533     302.628665
   22.461103     210.468191
   22.471673     312.181056
   22.482243     539.126970
   22.492812     923.914215
   22.503382    1163.618539
   22.513952     638.040739
   22.524522     511.727990
   22.535092     456.371539
   22.545662     609.281082
   22.556232     165.909685
   22.566802     196.485776
   22.577372     408.765982
   22.587942     105.362751
   22.598512     639.467873
   22.609082       7.017199
   22.619652      63.206103
   22.630222     440.107533
   22.640791      46.719032
   22.651361     181.829480
   22.661931      88.595591
   22.672501     239.074391
   22.683071      63.126332
   22.693641     118.622641
   22.704211     101.001947
   22.714781     214.320863
   22.725351      59.650643
   22.735921      76.333987
   22.746491       6.993452
   22.757061      98.434874
   22.767631      30.181042
   22.778201     153.138168
   22.788771       3.587015
   22.799340     275.201351
   22.809910     300.299113
   22.820480     184.683678
   22.831050     323.280171
   22.841620     203.183173
   22.852190     151.574234
   22.862760     371.620378
   22.873330      49.024999
   22.883900      89.636843
   22.894470      17.066298
   22.905040     520.503726
   22.915610     787.710016
   22.926180      24.770649
   22.936750     373.290410
   22.947319     425.542301
   22.957889     169.897919
   22.968459     109.112090
   22.979029     313.917193
   22.989599     552.486196
   23.000169      54.364326
   23.010739     107.694254
   23.021309      84.593914
   23.031879     266.719427
   23.042449     116.508367
   23.053019      13.672901
   23.063589     137.784766
   23.074159       4.161047
   23.084729      23.755809
   23.095298      90.410494
   23.105868     289.972647
   23.116438     338.385891
   23.127008      42.236083
   23.137578     143.767182
   23.148148     389.036116
   23.158718     157.928436
   23.169288     109.681655
   23.179858     505.578923
   23.190428      67.432749
   23.200998     152.601788
   23.211568       6.991365
   23.222138     233.104819
   23.232708     280.219734
   23.243278     520.720501
   23.253847     283.835016
   23.264417     257.995419
   23.274987     231.366829
   23.285557     328.888699
   23.296127     267.103667
   23.306697     511.028177
   23.317267     277.343659
   23.327837     536.069986
   23.338407     177.970112
   23.348977     566.492988
   23.359547     106.360966
   23.370117     779.379617
   23.380687     495.122979
   23.391257     123.293118
   23.401826     396.517976
   23.412396     702.572288
   23.422966     485.672947
   23.433536     412.083726
   23.444106    1458.776940
   23.454676     192.232558
   23.465246     327.893318
   23.475816    2318.576709
   23.486386    4255.686988
   23.496956    2606.980502
   23.507526      10.001326
   23.518096    6632.369693
   23.528666    6651.420561
   23.539236    4325.738909
   23.549806    2187.291230
   23.560375    2109.306842
   23.570945    1106.414658
   23.581515    3594.681601
   23.592085    1945.065863
   23.602655     182.716896
   23.613225     106.116373
   23.623795     477.760193
   23.634365     302.816326
   23.644935      95.670892
   23.655505     286.007373
   23.666075     586.433708
   23.676645     538.588601
   23.687215     507.839126
   23.697785       9.405921
   23.708354     670.180360
   23.718924     610.076527
   23.729494    1358.878168
   23.740064     192.431919
   23.750634     815.843743
   23.761204     756.867737
   23.771774    2044.902144
   23.782344     711.586813
   23.792914    2889.255929
   23.803484    1755.750713
   23.814054    2643.660557
   23.824624    1719.612305
   23.835194     883.471088
   23.845764    1015.525732
   23.856334    3749.149490
   23.866903     961.562902
   23.877473     953.884319
   23.888043    1251.523324
   23.898613    4703.298636
   23.909183    2040.881292
   23.919753   10106.308572
   23.930323     107.462582
   23.940893    6802.171241
   23.951463   13642.660206
   23.962033    6349.522705
   23.972603    9316.645375
   23.983173   16553.870133
   23.993743   22660.722166
   24.004313    1766.647275
   24.014882    2821.112781
   24.025452    3342.962891
   24.036022     163.811218
   24.046592    1039.678142
   24.057162     390.677627
   24.067732    7856.850639
   24.078302     758.757683
   24.088872   10036.371352
   24.099442    4468.940395
   24.110012    3228.551196
   24.120582    3004.271635
   24.131152    5631.577267
   24.141722    1748.914439
   24.152292     827.766137
   24.162861     106.269395
   24.173431     199.899951
   24.184001    1462.769302
   24.194571      26.248040
   24.205141     475.778556
   24.215711    1544.553506
   24.226281     674.982137
   24.236851     138.136979
   24.247421      38.419853
   24.257991     101.612144
   24.268561    1355.328536
   24.279131     512.711999
   24.289701    2936.279880
   24.300271      59.145760
   24.310841     189.227757
   24.321410     893.889042
   24.331980     972.056365
   24.342550     220.928435
   24.353120    1329.387898
   24.363690      19.703553
   24.374260    1410.252106
   24.384830      86.619504
   24.395400     183.637691
   24.405970     682.746991
   24.416540     352.109024
   24.427110     375.466170
   24.437680     643.527767
   24.448250     505.319139
   24.458820     618.254721
   24.469389     228.503652
   24.479959     123.568334
   24.490529     224.606734
   24.501099     100.667099
   24.511669     165.460124
   24.522239     462.358776
   24.532809     112.104219
   24.543379     910.722557
   24.553949     346.637078
   24.564519     591.633872
   24.575089     142.928851
   24.585659      30.693260
   24.596229     214.458720
   24.606799      82.604038
   24.617369      71.921233
   24.627938     460.808491
   24.638508     271.605965
   24.649078     164.374424
   24.659648    1028.117931
   24.670218      39.834680
   24.680788     551.523428
   24.691358     382.229710
   24.701928      21.361235
   24.712498     295.717427
   24.723068     254.944490
   24.733638     172.049842
   24.744208      23.459723
   24.754778     412.845553
   24.765348     311.290523
   24.775917     517.682043
   24.786487     265.848487
   24.797057     117.908294
   24.807627     120.396104
   24.818197     277.141570
   24.828767      14.164534
   24.839337      50.681711
   24.849907      16.352032
   24.860477      77.887590
   24.871047     213.123521
   24.881617     386.643009
   24.892187      98.968952
   24.902757     337.192960
   24.913327      91.145561
   24.923896     313.633080
   24.934466     132.897098
   24.945036     246.937125
   24.955606       6.704334
   24.966176      82.466615
   24.976746     261.459962
   24.987316     287.307256
   24.997886     604.137285
   25.008456       5.881062
   25.019026     214.396380
   25.029596     498.807817
   25.040166     662.816433
   25.050736     188.995834
   25.061306     237.058626
   25.071876     135.873733
   25.082445      62.444299
   25.093015     138.068191
   25.103585     223.127684
   25.114155       8.980214
   25.124725      19.987542
   25.135295      81.313371
   25.145865     227.762341
   25.156435     267.630420
   25.167005     100.123848
   25.177575     606.886561
   25.188145     282.365080
   25.198715      30.055868
   25.209285     155.609787
   25.219855     291.184040
   25.230424       0.749817
   25.240994     224.651514
   25.251564      56.367814
   25.262134      80.676599
   25.272704     318.743639
   25.283274     266.224834
   25.293844      85.872959
   25.304414     165.816335
   25.314984     159.384130
   25.325554     162.253458
   25.336124     203.967171
   25.346694     287.719665
   25.357264     542.927896
   25.367834     335.405433
   25.378404     197.129496
   25.388973     110.722950
   25.399543     104.317327
   25.410113      46.918105
   25.420683      55.695312
   25.431253      17.069643
   25.441823     104.743026
   25.452393     210.079037
   25.462963     231.246724
   25.473533     419.546108
   25.484103      38.783125
   25.494673     465.291643
   25.505243     126.947695
   25.515813     134.048804
   25.526383     139.850620
   25.536952       1.100436
   25.547522     293.250784
   25.558092      27.850037
   25.568662     697.345308
   25.579232      42.659370
   25.589802     245.857359
   25.600372     388.442619
   25.610942     187.162908
   25.621512      47.137322
   25.632082      47.831011
   25.642652     562.197818
   25.653222      61.353431
   25.663792     271.933821
   25.674362      21.990407
   25.684932     314.359612
   25.695501     317.841921
   25.706071     453.723798
   25.716641     201.857793
   25.727211     167.317677
   25.737781      14.759667
   25.748351      45.682533
   25.758921     139.343558
   25.769491     243.518146
   25.780061     379.271629
   25.790631    1146.598431
   25.801201     249.693494
   25.811771      31.046816
   25.822341    2992.393068
   25.832911     307.845887
   25.843480     429.816033
   25.854050     699.894548
   25.864620     842.268451
   25.875190      40.461001
   25.885760     194.682590
   25.896330    1795.033856
   25.906900     141.757233
   25.917470     157.191527
   25.928040       3.463611
   25.938610     266.100812
   25.949180    1796.926256
   25.959750     833.366215
   25.970320      97.290953
   25.980890      10.601198
   25.991459      12.242036
   26.002029     414.582845
   26.012599      88.015741
   26.023169     413.339406
   26.033739     361.341972
   26.044309     260.510317
   26.054879     218.521088
   26.065449     505.572041
   26.076019     199.282880
   26.086589     281.821396
   26.097159     203.554561
   26.107729     137.449191
   26.118299     344.575336
   26.128869       0.298855
   26.139439      78.363151
   26.150008     381.551536
   26.160578      65.892701
   26.171148     359.491818
   26.181718      19.958382
   26.192288     156.593773
   26.202858      92.690212
   26.213428     716.393417
   26.223998     137.629565
   26.234568       5.295369
   26.245138      26.361932
   26.255708      75.271104
   26.266278     259.798860
   26.276848     209.086885
   26.287418     894.938491
   26.297987     378.166054
   26.308557     114.529924
   26.319127      26.023851
   26.329697     284.034902
   26.340267     151.455123
   26.350837      41.695763
   26.361407      12.479639
   26.371977      58.843668
   26.382547      23.169978
   26.393117      61.210759
   26.403687     365.558603
   26.414257     239.714947
   26.424827       9.958760
   26.435397     103.683719
   26.445967     110.295083
   26.456536     141.841603
   26.467106     192.315059
   26.477676     605.308548
   26.488246      59.016564
   26.498816     241.318875
   26.509386     305.840608
   26.519956     150.395418
   26.530526     299.222185
   26.541096     125.443732
   26.551666     135.157699
   26.562236      89.489826
   26.572806      70.938458
   26.583376     296.845617
   26.593946     157.783382
   26.604515     209.673038
   26.615085       0.455587
   26.625655      39.452457
   26.636225      22.545025
   26.646795      67.356195
   26.657365     266.557863
   26.667935      23.967979
   26.678505      52.321810
   26.689075     627.002805
   26.699645     144.682072
   26.710215     205.258394
   26.720785      62.025080
   26.731355    1448.631655
   26.741925     690.691778
   26.752495     371.580088
   26.763064      11.902408
   26.773634     153.632767
   26.784204     186.354356
   26.794774    1200.113751
   26.805344     717.300533
   26.815914      97.253131
   26.826484     701.021662
   26.837054      69.972193
   26.847624     486.400704
   26.858194     399.982599
   26.868764     299.967294
   26.879334     557.994802
   26.889904     545.431678
   26.900474     559.524537
   26.911043     523.368862
   26.921613    2648.140257
   26.932183     798.682676
   26.942753     489.192315
   26.953323    1224.597654
   26.963893     816.292095
   26.974463    2244.405467
   26.985033    3218.222136
   26.995603    3527.460388
   27.006173     391.583820
   27.016743   24704.159592
   27.027313    6817.879948
   27.037883    2307.561174
   27.048453    2562.734635
   27.059022    7236.948510
   27.069592     390.840046
   27.080162     190.259859
   27.090732    2471.579453
   27.101302    1671.245991
   27.111872    1453.518918
   27.122442    1604.004845
   27.133012    1104.630507
   27.143582      69.370018
   27.154152     236.392603
   27.164722      18.345165
   27.175292     489.962351
   27.185862     280.589501
   27.196432     334.443666
   27.207002    2576.353652
   27.217571      70.136018
   27.228141     312.874468
   27.238711    2716.647468
   27.249281    1376.470060
   27.259851     483.249501
   27.270421     464.463028
   27.280991    6115.388434
   27.291561     940.820128
   27.302131    2876.752724
   27.312701    2623.469977
   27.323271    3211.356234
   27.333841    2012.652191
   27.344411      28.216761
   27.354981    7022.512581
   27.365550    7725.045949
   27.376120    1933.595578
   27.386690    4574.601146
   27.397260     928.475341
   27.407830    1392.061710
   27.418400    2548.173485
   27.428970     372.428979
   27.439540    3861.182482
   27.450110    3923.395441
   27.460680    7926.400861
   27.471250   25074.586501
   27.481820    2557.049382
   27.492390    4069.339808
   27.502960    6007.727540
   27.513530    7105.992043
   27.524099    3947.782947
   27.534669    6456.253558
   27.545239   22209.650845
   27.555809   14184.166952
   27.566379   34776.915452
   27.576949     962.324362
   27.587519    4362.268081
   27.598089   15632.690293
   27.608659   13997.417811
   27.619229    5780.014961
   27.629799    2989.047465
   27.640369    2431.276707
   27.650939    9148.578875
   27.661509   14179.291016
   27.672078    3764.424778
   27.682648    6303.443439
   27.693218     249.749076
   27.703788    3070.005981
   27.714358     347.514199
   27.724928    4190.374362
   27.735498    3686.673689
   27.746068    3462.637907
   27.756638     490.644313
   27.767208     965.645325
   27.777778     315.790695
   27.788348    1364.489148
   27.798918     341.627100
   27.809488    3386.968573
   27.820058     219.755426
   27.830627     299.470776
   27.841197    1474.850127
   27.851767     503.301156
   27.862337     998.576180
   27.872907    1735.098257
   27.883477     925.602786
   27.894047    1824.901747
   27.904617    5048.714341
   27.915187      68.281586
   27.925757     210.617717
   27.936327      63.382023
   27.946897     711.865554
   27.957467     166.303962
   27.968037     467.745371
   27.978606    1165.555136
   27.989176     407.686867
   27.999746     540.258375
   28.010316      22.654199
   28.020886     365.337401
   28.031456     573.978527
   28.042026     265.060556
   28.052596     826.865224
   28.063166      72.541402
   28.073736      76.643919
   28.084306       4.069272
   28.094876     423.567438
   28.105446     338.474874
   28.116016    1346.074619
   28.126585      95.669140
   28.137155     344.448984
   28.147725     234.007388
   28.158295    1656.957825
   28.168865     700.437939
   28.179435     406.420361
   28.190005     223.596264
   28.200575      86.716417
   28.211145     301.719025
   28.221715     486.470538
   28.232285     162.924916
   28.242855       0.644897
   28.253425     731.637948
   28.263995    1196.226473
   28.274565     155.095274
   28.285134     549.428429
   28.295704     309.838223
   28.306274       4.550373
   28.316844     308.593260
   28.327414     208.369093
   28.337984     110.918766
   28.348554      88.554703
   28.359124     133.964994
   28.369694      80.555261
   28.380264     113.271115
   28.390834      16.421533
   28.401404     113.736073
   28.411974     505.179102
   28.422544     109.179973
   28.433113      26.897418
   28.443683     316.034153
   28.454253     761.884234
   28.464823      48.454819
   28.475393      32.485687
   28.485963     354.193114
   28.496533      69.370626
   28.507103     177.263813
   28.517673     200.502661
   28.528243     540.710429
   28.538813     242.405516
   28.549383     741.191263
   28.559953      78.919462
   28.570523     116.704496
   28.581093     108.540338
   28.591662      81.270442
   28.602232       6.265449
   28.612802      65.375108
   28.623372     114.441197
   28.633942     233.488634
   28.644512      64.460157
   28.655082     146.549651
   28.665652     590.821639
   28.676222      28.158522
   28.686792     204.966938
   28.697362      60.410992
   28.707932       6.498004
   28.718502     308.587896
   28.729072     131.981681
   28.739641     475.549340
   28.750211     248.764327
   28.760781     375.573251
   28.771351     188.175935
   28.781921      36.204844
   28.792491      20.626174
   28.803061     105.073325
   28.813631     756.518472
   28.824201     127.485618
   28.834771     267.872769
   28.845341     170.310361
   28.855911     124.725343
   28.866481      12.575898
   28.877051     149.490583
   28.887620     230.892929
   28.898190      29.567687
   28.908760      75.303708
   28.919330     180.406595
   28.929900     493.237969
   28.940470     280.241037
   28.951040      33.401568
   28.961610      31.971411
   28.972180      58.189211
   28.982750      66.353077
   28.993320     461.149178
   29.003890      66.931201
   29.014460     132.893764
   29.025030       0.350889
   29.035600     283.554042
   29.046169      42.837626
   29.056739     471.246284
   29.067309      52.120975
   29.077879     167.301096
   29.088449     213.763624
   29.099019      28.305769
   29.109589     251.018937
   29.120159     104.878332
   29.130729     349.877396
   29.141299     310.807691
   29.151869     423.419185
   29.162439     409.309273
   29.173009      36.879020
   29.183579     117.600337
   29.194148      98.596277
   29.204718     132.060728
   29.215288       5.516992
   29.225858      57.809355
   29.236428     133.134437
   29.246998     306.514917
   29.257568     243.126063
   29.268138     469.440066
   29.278708      95.094430
   29.289278     150.923709
   29.299848     454.232517
   29.310418     199.383450
   29.320988     158.085277
   29.331558      22.319904
   29.342128     389.258965
   29.352697     175.344016
   29.363267    1353.297442
   29.373837      83.204478
   29.384407     500.628664
   29.394977     253.717458
   29.405547      72.586494
   29.416117     614.472704
   29.426687    2218.084398
   29.437257     982.132849
   29.447827    1106.712723
   29.458397     753.074261
   29.468967    1784.484354
   29.479537     633.282402
   29.490107     577.226224
   29.500676    1103.053660
   29.511246      19.023760
   29.521816     199.773332
   29.532386     487.648385
   29.542956     179.045983
   29.553526     539.181175
   29.564096       3.078993
   29.574666     265.836330
   29.585236     528.846031
   29.595806     261.058379
   29.606376      72.563138
   29.616946     468.839258
   29.627516       5.802436
   29.638086     747.770873
   29.648656     140.005572
   29.659225     715.428070
   29.669795     361.432251
   29.680365      10.819716
   29.690935     189.525258
   29.701505      70.310649
   29.712075     425.985941
   29.722645      88.253724
   29.733215     267.064273
   29.743785     698.989665
   29.754355     112.720927
   29.764925      73.169285
   29.775495     115.093088
   29.786065      89.613536
   29.796635     477.216533
   29.807204      71.078983
   29.817774      87.506050
   29.828344     127.733366
   29.838914      79.458883
   29.849484     111.822415
   29.860054      77.150906
   29.870624     529.562854
   29.881194      73.958298
   29.891764     297.365584
   29.902334       3.034401
   29.912904     380.364304
   29.923474     251.426221
   29.934044     298.217263
   29.944614     424.377490
   29.955183      59.281146
   29.965753     209.312133
   29.976323      37.699008
   29.986893     585.753102
   29.997463     843.949988
   30.008033      49.086805
   30.018603     117.545734
   30.029173      78.960262
   30.039743     119.963545
   30.050313      20.787778
   30.060883     354.198171
   30.071453      49.389433
   30.082023     487.184389
   30.092593     160.778504
   30.103163      32.350660
   30.113732     112.034362
   30.124302     229.556653
   30.134872      73.812529
   30.145442      79.775933
   30.156012      75.355946
   30.166582      49.152195
   30.177152      24.042167
   30.187722      50.837931
   30.198292      88.424184
   30.208862     248.814184
   30.219432     558.485029
   30.230002     646.457091
   30.240572     320.162431
   30.251142     300.318441
   30.261711      34.885440
   30.272281     187.810842
   30.282851      42.384758
   30.293421      21.495000
   30.303991     116.038395
   30.314561     381.662837
   30.325131     352.177544
   30.335701      94.514550
   30.346271      93.504144
   30.356841       2.388784
   30.367411      75.697915
   30.377981      62.136764
   30.388551     222.598402
   30.399121     194.822511
   30.409691     599.013776
   30.420260     144.224751
   30.430830      13.521765
   30.441400     857.672603
   30.451970     946.498967
   30.462540      32.100322
   30.473110     311.672161
   30.483680     532.180247
   30.494250     537.948816
   30.504820      86.035145
   30.515390    1577.013961
   30.525960     807.132487
   30.536530     413.865806
   30.547100   14058.068173
   30.557670     652.027227
   30.568239    1746.980366
   30.578809    2898.633149
   30.589379    5290.161969
   30.599949    2973.097880
   30.610519    2749.714478
   30.621089    2021.114644
   30.631659     367.508348
   30.642229    1878.842580
   30.652799    1690.844412
   30.663369     308.699699
   30.673939    1237.910884
   30.684509    2636.123122
   30.695079     854.213803
   30.705649     275.677873
   30.716219     417.386923
   30.726788     257.637075
   30.737358     726.759268
   30.747928     283.964883
   30.758498      26.172244
   30.769068     562.189315
   30.779638     552.472332
   30.790208     946.163555
   30.800778     534.655132
   30.811348    2476.381665
   30.821918    2175.298813
   30.832488    5629.809856
   30.843058     344.966186
   30.853628    2560.532623
   30.864198    2573.076010
   30.874767    4298.367103
   30.885337    2014.129186
   30.895907    2104.943456
   30.906477    5019.436040
   30.917047    1433.389659
   30.927617    3729.034826
   30.938187   12367.032660
   30.948757    4178.771465
   30.959327    4524.307074
   30.969897    3200.632653
   30.980467   13805.978107
   30.991037   15317.957935
   31.001607   13278.700632
   31.012177   24273.138298
   31.022746   17803.900001
   31.033316   11679.317489
   31.043886   30351.050853
   31.054456    7245.668156
   31.065026   13753.043054
   31.075596   12759.271306
   31.086166    5274.386669
   31.096736    8023.267154
   31.107306    7378.406183
   31.117876      81.451685
   31.128446   10216.768604
   31.139016    5656.277393
   31.149586    1287.981203
   31.160156     383.181870
   31.170726    1678.667742
   31.181295    2305.082333
   31.191865    5451.218491
   31.202435    1581.129822
   31.213005    1098.839554
   31.223575     113.537390
   31.234145    2531.387122
   31.244715    6931.820346
   31.255285    4199.385047
   31.265855    3783.801547
   31.276425     169.954390
   31.286995    1575.856109
   31.297565    1001.672242
   31.308135     757.894155
   31.318705    1130.950240
   31.329274    1193.250435
   31.339844     762.551111
   31.350414    3450.531413
   31.360984    1008.846270
   31.371554     680.985973
   31.382124     286.675109
   31.392694      20.230985
   31.403264     691.347022
   31.413834     942.207087
   31.424404      87.421185
   31.434974      38.236177
   31.445544    1209.148467
   31.456114     961.815987
   31.466684     172.478021
   31.477254     346.747275
   31.487823    1019.414176
   31.498393     364.658040
   31.508963     385.075417
   31.519533      52.841737
   31.530103     197.276656
   31.540673      94.468309
   31.551243      55.363100
   31.561813     615.854667
   31.572383    1034.628753
   31.582953     432.227084
   31.593523     425.589072
   31.604093     559.867439
   31.614663      33.914771
   31.625233     101.864869
   31.635802     140.715358
   31.646372     588.149919
   31.656942     602.152968
   31.667512     299.776067
   31.678082     218.120066
   31.688652      52.296285
   31.699222     364.253074
   31.709792       0.453413
   31.720362     364.097430
   31.730932     358.226115
   31.741502     208.492590
   31.752072     878.295721
   31.762642      95.802138
   31.773212     222.441232
   31.783781     304.710166
   31.794351      92.830327
   31.804921     419.212383
   31.815491      66.249426
   31.826061      71.925344
   31.836631     442.538190
   31.847201     716.951304
   31.857771      67.134001
   31.868341     286.087055
   31.878911     474.206455
   31.889481     143.165263
   31.900051     216.714009
   31.910621     518.687896
   31.921191      61.586538
   31.931761     179.268066
   31.942330     142.353709
   31.952900      32.331938
   31.963470      15.426741
   31.974040     114.363652
   31.984610     267.862869
   31.995180     178.205806
   32.005750     121.403307
   32.016320     312.611871
   32.026890     188.648632
   32.037460     387.711146
   32.048030     110.786720
   32.058600     457.524735
   32.069170      91.637799
   32.079740     166.746588
   32.090309     551.100737
   32.100879      90.827994
   32.111449     119.084372
   32.122019     224.841135
   32.132589     140.208489
   32.143159     298.759237
   32.153729      86.515912
   32.164299     393.404723
   32.174869    1615.327831
   32.185439     360.768076
   32.196009     349.970068
   32.206579     432.595785
   32.217149     144.056793
   32.227719      12.289778
   32.238289     271.358832
   32.248858     344.983228
   32.259428     284.952823
   32.269998     598.166997
   32.280568      61.909649
   32.291138     180.021209
   32.301708      13.987163
   32.312278     501.739710
   32.322848     308.946304
   32.333418      45.320342
   32.343988     130.165062
   32.354558     706.419231
   32.365128       5.170216
   32.375698      58.116860
   32.386268     145.659512
   32.396837     107.781886
   32.407407      87.099619
   32.417977     203.279867
   32.428547      59.209104
   32.439117     517.318216
   32.449687     158.373384
   32.460257       0.452483
   32.470827      63.013738
   32.481397     159.204750
   32.491967     244.205126
   32.502537      93.763415
   32.513107     114.187383
   32.523677       4.503975
   32.534247    1017.187451
   32.544817      15.677447
   32.555386       0.501093
   32.565956     238.542354
   32.576526       8.433896
   32.587096     248.631714
   32.597666     445.437305
   32.608236     220.082306
   32.618806      26.746391
   32.629376      49.959867
   32.639946     550.711948
   32.650516      93.390749
   32.661086      85.065633
   32.671656      31.450273
   32.682226     472.859483
   32.692796     308.624136
   32.703365      79.736949
   32.713935     161.755873
   32.724505     106.586921
   32.735075     401.841531
   32.745645     156.258173
   32.756215     322.104566
   32.766785     188.130709
   32.777355     550.824804
   32.787925      41.697662
   32.798495     135.603719
   32.809065     390.056528
   32.819635      74.815182
   32.830205      42.036810
   32.840775     130.665113
   32.851344     127.691146
   32.861914     547.054772
   32.872484       8.540548
   32.883054      97.241659
   32.893624       9.091126
   32.904194     225.826470
   32.914764       4.926098
   32.925334      57.816359
   32.935904     373.186968
   32.946474     326.945630
   32.957044    2187.610745
   32.967614     456.090050
   32.978184     447.468814
   32.988754    1702.764637
   32.999324     269.931168
   33.009893     918.241114
   33.020463     125.975330
   33.031033     683.000429
   33.041603       8.072332
   33.052173     314.665116
   33.062743     244.623594
   33.073313     179.610300
   33.083883      22.281016
   33.094453      91.267105
   33.105023      20.137641
   33.115593      85.647557
   33.126163      57.467509
   33.136733      45.101053
   33.147303      43.474057
   33.157872      16.259721
   33.168442     189.965499
   33.179012      62.683889
   33.189582       7.112174
   33.200152     321.511491
   33.210722     103.718800
   33.221292      58.809801
   33.231862      18.541496
   33.242432     201.405111
   33.253002     126.912932
   33.263572     209.561552
   33.274142     225.299150
   33.284712     327.035523
   33.295282      10.464074
   33.305852     569.761617
   33.316421     318.842204
   33.326991      43.803989
   33.337561     108.631960
   33.348131     382.039889
   33.358701      10.684980
   33.369271      17.587842
   33.379841     255.916526
   33.390411      35.996458
   33.400981      24.685049
   33.411551      57.400460
   33.422121     229.326463
   33.432691     184.397424
   33.443261      19.864435
   33.453831     104.596934
   33.464400     153.453268
   33.474970      77.970343
   33.485540     281.799593
   33.496110     392.549700
   33.506680      63.743541
   33.517250     218.049474
   33.527820      15.431423
   33.538390      18.546420
   33.548960      87.969850
   33.559530     284.727514
   33.570100      12.894373
   33.580670     226.823031
   33.591240      93.556061
   33.601810      69.129294
   33.612380      13.164949
   33.622949     284.671033
   33.633519     130.740351
   33.644089     199.140164
   33.654659      60.074094
   33.665229      48.120271
   33.675799     442.137575
   33.686369     236.127630
   33.696939      96.469866
   33.707509      54.768332
   33.718079     323.806695
   33.728649     116.865979
   33.739219     337.460292
   33.749789     351.748439
   33.760359      69.071112
   33.770928      61.010653
   33.781498      62.561933
   33.792068     254.966601
   33.802638      43.148300
   33.813208     164.688896
   33.823778      43.070293
   33.834348     406.591412
   33.844918      33.142892
   33.855488     168.195346
   33.866058     241.609137
   33.876628     612.169060
   33.887198     115.772388
   33.897768      37.042590
   33.908338     141.832182
   33.918907     302.419613
   33.929477      77.325905
   33.940047     402.035821
   33.950617     763.075196
   33.961187     479.506561
   33.971757     471.966236
   33.982327     506.392348
   33.992897     101.571616
   34.003467     109.757037
   34.014037     727.845226
   34.024607     247.353921
   34.035177     202.777265
   34.045747     379.048916
   34.056317      31.300487
   34.066887     424.428349
   34.077456      94.821944
   34.088026     241.504825
   34.098596      91.837202
   34.109166     204.558399
   34.119736     560.504859
   34.130306     601.819248
   34.140876    1613.825667
   34.151446     310.897946
   34.162016    2122.331262
   34.172586      58.951361
   34.183156     413.475104
   34.193726    2400.377504
   34.204296     972.019964
   34.214866     260.592985
   34.225435     311.164261
   34.236005     903.117933
   34.246575     292.491291
   34.257145      11.834583
   34.267715    1022.450859
   34.278285     596.492605
   34.288855     716.624877
   34.299425     383.955613
   34.309995     385.175722
   34.320565     109.172223
   34.331135     134.241429
   34.341705     466.355366
   34.352275     249.492407
   34.362845     153.767666
   34.373415      43.832633
   34.383984     153.754961
   34.394554     245.768140
   34.405124     467.707503
   34.415694     562.320514
   34.426264     699.420329
   34.436834     740.956924
   34.447404     230.792799
   34.457974    1328.777354
   34.468544    3134.460669
   34.479114    2148.512223
   34.489684     443.666653
   34.500254    2441.771753
   34.510824     150.330129
   34.521394     303.188733
   34.531963     310.090149
   34.542533    1585.743767
   34.553103     149.452619
   34.563673     887.087574
   34.574243    3893.325114
   34.584813    2394.961149
   34.595383    7627.898755
   34.605953   11333.678829
   34.616523    3818.943506
   34.627093    4149.337267
   34.637663     679.474769
   34.648233    5665.222636
   34.658803    3333.101455
   34.669373    4208.690183
   34.679942    9881.639829
   34.690512    2963.102531
   34.701082    3387.886243
   34.711652    1509.230580
   34.722222    8524.361124
   34.732792     481.093712
   34.743362    5827.518613
   34.753932    4084.963834
   34.764502    3176.207257
   34.775072    3454.783352
   34.785642     443.675083
   34.796212    2012.207788
   34.806782    1227.409963
   34.817352    4450.673470
   34.827922    2675.237364
   34.838491     167.458169
   34.849061      56.610230
   34.859631    2418.533670
   34.870201      43.745106
   34.880771     182.198657
   34.891341    1216.066871
   34.901911     273.419140
   34.912481      10.096553
   34.923051     100.668841
   34.933621     989.039489
   34.944191      22.987831
   34.954761     116.103690
   34.965331      83.855304
   34.975901     421.032479
   34.986470     384.864986
   34.997040      92.580735
   35.007610     645.275051
   35.018180     589.587552
   35.028750     319.859254
   35.039320     851.964455
   35.049890      18.160668
   35.060460      21.299089
   35.071030     464.444968
   35.081600     393.888828
   35.092170     139.514365
   35.102740      87.565572
   35.113310     175.990106
   35.123880     145.969766
   35.134450     104.448466
   35.145019     213.866717
   35.155589     291.585348
   35.166159      75.051143
   35.176729     167.169229
   35.187299       7.851388
   35.197869     425.851810
   35.208439     724.297981
   35.219009      10.132242
   35.229579     439.929592
   35.240149     189.127811
   35.250719     178.841383
   35.261289      81.410958
   35.271859      11.837293
   35.282429      70.747217
   35.292998      94.569363
   35.303568     118.206946
   35.314138      23.329666
   35.324708     118.010270
   35.335278     149.435249
   35.345848      33.973752
   35.356418     231.932581
   35.366988      39.265235
   35.377558     221.264355
   35.388128     285.046470
   35.398698     252.912647
   35.409268     226.551619
   35.419838     513.840373
   35.430408      29.113049
   35.440978     115.505628
   35.451547     226.857758
   35.462117     204.353322
   35.472687     359.031211
   35.483257      93.722287
   35.493827      29.448216
   35.504397     248.616149
   35.514967     253.972589
   35.525537      33.165006
   35.536107     116.275631
   35.546677     129.397540
   35.557247     258.679328
   35.567817     140.661056
   35.578387     245.521600
   35.588957      90.912511
   35.599526      44.837197
   35.610096     470.899840
   35.620666     144.876733
   35.631236     138.443297
   35.641806     560.983147
   35.652376     659.154881
   35.662946      77.585450
   35.673516      89.871365
   35.684086      78.933906
   35.694656     141.335418
   35.705226     107.593338
   35.715796     200.947223
   35.726366      49.520825
   35.736936      74.240891
   35.747505      37.124069
   35.758075      21.611547
   35.768645      82.745524
   35.779215       4.872205
   35.789785     112.718271
   35.800355     187.964463
   35.810925     423.089493
   35.821495      14.913827
   35.832065     112.764323
   35.842635     124.192795
   35.853205      36.269039
   35.863775     154.291174
   35.874345     115.511429
   35.884915     172.552025
   35.895485     335.118383
   35.906054      34.061217
   35.916624     185.710239
   35.927194     162.620793
   35.937764      20.295477
   35.948334     121.252190
   35.958904     154.435892
   35.969474       4.675585
   35.980044     145.221045
   35.990614     609.560843
   36.001184     185.080091
   36.011754     158.029681
   36.022324     157.605171
   36.032894      33.529351
   36.043464      68.629954
   36.054033     238.583576
   36.064603      32.120019
   36.075173      98.260794
   36.085743     468.746793
   36.096313      61.037268
   36.106883     234.148751
   36.117453     241.762814
   36.128023     321.940393
   36.138593     196.058985
   36.149163      46.605477
   36.159733      42.299054
   36.170303      56.388359
   36.180873      11.849486
   36.191443     499.670314
   36.202013     176.276388
   36.212582      52.979615
   36.223152      35.264196
   36.233722      23.292570
   36.244292      37.673618
   36.254862      24.782406
   36.265432     127.771538
   36.276002     404.912523
   36.286572     141.749524
   36.297142      92.191169
   36.307712       0.645693
   36.318282     351.589143
   36.328852       6.050734
   36.339422     226.500357
   36.349992     186.915439
   36.360561      43.931555
   36.371131     375.239708
   36.381701      17.540448
   36.392271      68.629410
   36.402841     139.053493
   36.413411      86.904599
   36.423981     161.501494
   36.434551      29.372916
   36.445121      19.532843
   36.455691      20.557764
   36.466261     211.380482
   36.476831     276.108059
   36.487401      17.147317
   36.497971      21.085328
   36.508541     201.840124
   36.519110       4.597656
   36.529680     592.099368
   36.540250      53.276472
   36.550820     200.897808
   36.561390      26.462487
   36.571960     442.269914
   36.582530     390.915386
   36.593100     687.442214
   36.603670     161.357435
   36.614240     210.892289
   36.624810      99.533293
   36.635380       5.833159
   36.645950      50.430431
   36.656520      29.473902
   36.667089     166.167391
   36.677659      52.864351
   36.688229     129.388141
   36.698799     151.389910
   36.709369     126.878897
   36.719939     127.376355
   36.730509      29.722875
   36.741079      93.243723
   36.751649     204.540380
   36.762219      57.344873
   36.772789     228.522900
   36.783359     160.411429
   36.793929      58.337894
   36.804499      75.566417
   36.815068      42.303976
   36.825638      77.961198
   36.836208      50.277296
   36.846778     120.638187
   36.857348     277.062200
   36.867918     289.924031
   36.878488      65.928570
   36.889058      74.355924
   36.899628     165.655889
   36.910198      71.586009
   36.920768      21.010407
   36.931338     113.120904
   36.941908     382.276020
   36.952478     168.752061
   36.963048     180.083652
   36.973617      71.531220
   36.984187      51.443640
   36.994757      74.687113
   37.005327     120.218420
   37.015897     253.646214
   37.026467     194.230814
   37.037037     311.574977
   37.047607     135.631451
   37.058177      17.159946
   37.068747      86.329432
   37.079317      30.789994
   37.089887      95.707663
   37.100457     704.743429
   37.111027      16.624127
   37.121596      71.879455
   37.132166     375.970014
   37.142736      96.476058
   37.153306     110.662671
   37.163876      16.633186
   37.174446     152.695531
   37.185016      80.192063
   37.195586     149.992000
   37.206156     545.882549
   37.216726      26.846986
   37.227296      79.757075
   37.237866      88.538317
   37.248436      12.047083
   37.259006      54.570819
   37.269576      16.797879
   37.280145      78.734416
   37.290715     357.034596
   37.301285      11.891881
   37.311855     353.736482
   37.322425      23.021736
   37.332995      45.703367
   37.343565     251.819711
   37.354135       4.208893
   37.364705      59.453907
   37.375275     507.203843
   37.385845      30.120370
   37.396415       7.857080
   37.406985      24.824312
   37.417555      80.589092
   37.428124       2.463806
   37.438694     385.676657
   37.449264     166.901181
   37.459834     164.193586
   37.470404      65.535756
   37.480974     184.511777
   37.491544     105.289825
   37.502114     310.292686
   37.512684      53.332589
   37.523254      56.121924
   37.533824      88.153014
   37.544394      31.436297
   37.554964      10.645973
   37.565534      51.190077
   37.576104       9.049985
   37.586673      11.663525
   37.597243      68.989941
   37.607813    1138.477335
   37.618383     192.184111
   37.628953     133.697417
   37.639523     137.030466
   37.650093      23.849097
   37.660663      44.313565
   37.671233      87.032836
   37.681803      19.666436
   37.692373       4.270645
   37.702943     348.898389
   37.713513     208.931543
   37.724083     114.416884
   37.734652     263.976380
   37.745222      32.061196
   37.755792      14.057327
   37.766362      21.803372
   37.776932     406.319501
   37.787502      35.264886
   37.798072     372.603338
   37.808642     639.337829
   37.819212     447.121981
   37.829782     351.681273
   37.840352      39.610753
   37.850922     100.116306
   37.861492      22.385917
   37.872062     279.043332
   37.882631      35.057721
   37.893201      12.988131
   37.903771      23.193253
   37.914341     262.173230
   37.924911       9.601840
   37.935481      67.126237
   37.946051      45.491034
   37.956621     338.251716
   37.967191       7.729967
   37.977761     198.583310
   37.988331      31.552923
   37.998901     154.799202
   38.009471     197.279265
   38.020041      38.601294
   38.030611      56.746897
   38.041180     376.908173
   38.051750     174.091461
   38.062320     219.089142
   38.072890     298.966908
   38.083460     291.032631
   38.094030      67.340726
   38.104600     241.563159
   38.115170      32.178715
   38.125740      69.634284
   38.136310     110.757636
   38.146880     181.266079
   38.157450     171.021177
   38.168020     710.875341
   38.178590     607.213355
   38.189159     138.765258
   38.199729     408.070339
   38.210299     374.524248
   38.220869      74.865597
   38.231439     110.413536
   38.242009     596.633604
   38.252579     776.944016
   38.263149     271.628675
   38.273719     231.846812
   38.284289     254.403496
   38.294859    1546.584271
   38.305429     346.423752
   38.315999     401.507627
   38.326569      61.702598
   38.337139       0.375974
   38.347708     658.207267
   38.358278     641.765052
   38.368848      61.194915
   38.379418     114.875377
   38.389988     328.701660
   38.400558     124.247934
   38.411128      73.321341
   38.421698     130.386777
   38.432268      56.569816
   38.442838     108.014771
   38.453408      48.619975
   38.463978      35.728080
   38.474548       6.360643
   38.485118     636.528333
   38.495687      37.244048
   38.506257     109.374907
   38.516827     246.846877
   38.527397     330.368803
   38.537967      83.791408
   38.548537     572.425123
   38.559107     261.620560
   38.569677      71.254001
   38.580247      98.590626
   38.590817     204.656538
   38.601387      98.614529
   38.611957      47.586581
   38.622527      85.292022
   38.633097     154.365000
   38.643666     194.792777
   38.654236     193.108139
   38.664806     194.378196
   38.675376      30.065337
   38.685946     105.424657
   38.696516      64.202377
   38.707086     218.286883
   38.717656     607.912995
   38.728226      62.519979
   38.738796      99.236629
   38.749366     247.092049
   38.759936     200.671478
   38.770506      64.917759
   38.781076      98.371726
   38.791646      18.906533
   38.802215       1.131176
   38.812785     129.825769
   38.823355     234.614588
   38.833925       6.994019
   38.844495     128.827509
   38.855065      73.240562
   38.865635       7.651091
   38.876205      80.637229
   38.886775      76.281139
   38.897345     127.735770
   38.907915     289.249048
   38.918485     270.827756
   38.929055       1.802805
   38.939625     524.738972
   38.950194      35.825244
   38.960764     267.387779
   38.971334      36.591527
   38.981904      34.785185
   38.992474      22.297050
